	x1	x2	x3	x4	x5	x6
冀东水泥	33.8	34.75	0.67	59.77	15.49	16.35
大同水泥	27.54	28.04	2.36	35.29	-20.96	-46.45
四川双马	22.86	23.47	0.61	42.83	5.48	-49.22
牡丹江  	19.05	19.95	1	48.51	-12.32	-65.99
西水股份	20.84	21.17	1.08	48.45	65.09	54.81
狮头股份	28.14	28.84	2.51	24.52	-6.43	-15.94
太行股份	30.45	31.13	1.02	46.14	6.57	-16.59
海螺水泥	36.29	36.96	0.27	58.31	70.85	117.59
尖峰集团	16.94	17.26	0.61	52.04	9.03	-94.05
四川金顶	28.74	29.4	0.6	65.46	-33.97	-55.02
祁连山  	33.31	34.3	1.17	45.8	12.18	39.46
华新水泥	25.08	26.12	0.64	69.35	22.38	-10.2
福建水泥	34.51	35.44	0.38	61.61	23.91	-163.99
天鹅股份	25.52	26.73	1.1	47.02	-4.51	-68.79